

  *****  INDEX OF DATA SETS ON RESULTS FILE  *****

     SET   TIME/FREQ    LOAD STEP   SUBSTEP  CUMULATIVE
       1  0.0000000             1         1         1                  
       2  0.0000000             1         2         2                  
       3  0.0000000             1         3         3                  
       4 0.83848491E-08         1         4         4                  
       5 0.36821605E-01         1         5         5                  
       6 0.71536387E-01         1         6         6                  
       7 0.73371846E-01         1         7         7                  
       8 0.73809353E-01         1         8         8                  
       9 0.10128651             1         9         9                  
      10 0.10341241             1        10        10                  
      11 0.11027349             1        11        11                  
      12 0.11624829             1        12        12                  
      13 0.12488779             1        13        13                  
      14 0.13548590             1        14        14                  
      15 0.13790611             1        15        15                  
      16 0.14540333             1        16        16                  
      17 0.14663438             1        17        17                  
      18 0.14670829             1        18        18                  
      19 0.14672077             1        19        19                  
      20 0.14967507             1        20        20                  
      21 0.16588441             1        21        21                  
      22 0.16746790             1        22        22                  
      23 0.16804291             1        23        23                  
      24 0.18337017             1        24        24                  
      25 0.18753971             1        25        25                  
      26 0.19096541             1        26        26                  
      27 0.19753321             1        27        27                  
      28 0.20019320             1        28        28                  
      29 0.22027427             1        29        29                  
      30 0.22116349             1        30        30                  
      31 0.22539568             1        31        31                  
      32 0.23126683             1        32        32                  
      33 0.23162851             1        33        33                  
      34 0.23573542             1        34        34                  
      35 0.24836970             1        35        35                  
      36 0.24854658             1        36        36                  
      37 0.25335078             1        37        37                  
      38 0.25639034             1        38        38                  
      39 0.25861859             1        39        39                  
      40 0.26361817             1        40        40                  
      41 0.29278970             1        41        41                  
      42 0.29433734             1        42        42                  
      43 0.29618844             1        43        43                  
      44 0.29623595             1        44        44                  
      45 0.29831657             1        45        45                  
      46 0.30017891             1        46        46                  
      47 0.30615062             1        47        47                  
      48 0.32890485             1        48        48                  
      49 0.32985746             1        49        49                  
      50 0.33216811             1        50        50                  
      51 0.33228551             1        51        51                  
      52 0.33228946             1        52        52                  
      53 0.33273024             1        53        53                  
      54 0.33420188             1        54        54                  
      55 0.33587605             1        55        55                  
      56 0.33806667             1        56        56                  
      57 0.33869531             1        57        57                  
      58 0.33965728             1        58        58                  
      59 0.34100059             1        59        59                  
      60 0.34373481             1        60        60                  
      61 0.34584004             1        61        61                  
      62 0.34736969             1        62        62                  
      63 0.35105572             1        63        63                  
      64 0.35441989             1        64        64                  
      65 0.36207376             1        65        65                  
      66 0.36524860             1        66        66                  
      67 0.36737634             1        67        67                  
      68 0.36903534             1        68        68                  
      69 0.36921953             1        69        69                  
      70 0.37144712             1        70        70                  
      71 0.37234466             1        71        71                  
      72 0.37271090             1        72        72                  
      73 0.37447225             1        73        73                  
      74 0.37545485             1        74        74                  
      75 0.38007325             1        75        75                  
      76 0.38327972             1        76        76                  
      77 0.38827709             1        77        77                  
      78 0.39317859             1        78        78                  
      79 0.39346658             1        79        79                  
      80 0.40081033             1        80        80                  
