

  *****  INDEX OF DATA SETS ON RESULTS FILE  *****

     SET   TIME/FREQ    LOAD STEP   SUBSTEP  CUMULATIVE
       1 0.36821592E-01         1         1         1                  
       2 0.71536064E-01         1         2         2                  
       3 0.73441388E-01         1         3         3                  
       4 0.73901003E-01         1         4         4                  
       5 0.10128603             1         5         5                  
       6 0.10344738             1         6         6                  
       7 0.11027337             1         7         7                  
       8 0.11624743             1         8         8                  
       9 0.12488649             1         9         9                  
      10 0.13548588             1        10        10                  
      11 0.13797261             1        11        11                  
      12 0.14540319             1        12        12                  
      13 0.14663375             1        13        13                  
      14 0.14670886             1        14        14                  
      15 0.14681582             1        15        15                  
      16 0.14972827             1        16        16                  
      17 0.16588435             1        17        17                  
      18 0.16746542             1        18        18                  
      19 0.16805230             1        19        19                  
      20 0.18336942             1        20        20                  
      21 0.18753911             1        21        21                  
      22 0.19100182             1        22        22                  
      23 0.19753322             1        23        23                  
      24 0.20024851             1        24        24                  
      25 0.22027325             1        25        25                  
      26 0.22116263             1        26        26                  
      27 0.22544046             1        27        27                  
      28 0.23126690             1        28        28                  
      29 0.23162687             1        29        29                  
      30 0.23576986             1        30        30                  
      31 0.24836964             1        31        31                  
      32 0.24854047             1        32        32                  
      33 0.25336179             1        33        33                  
      34 0.25638809             1        34        34                  
      35 0.25861762             1        35        35                  
      36 0.26365636             1        36        36                  
      37 0.29224340             1        37        37                  
      38 0.29260476             1        38        38                  
      39 0.29278578             1        39        39                  
      40 0.29425913             1        40        40                  
      41 0.29433818             1        41        41                  
      42 0.30022041             1        42        42                  
      43 0.30245856             1        43        43                  
      44 0.32446887             1        44        44                  
      45 0.32870800             1        45        45                  
      46 0.32984165             1        46        46                  
      47 0.33030789             1        47        47                  
      48 0.33216697             1        48        48                  
      49 0.33225486             1        49        49                  
      50 0.33227877             1        50        50                  
      51 0.33232723             1        51        51                  
      52 0.33369547             1        52        52                  
      53 0.33626045             1        53        53                  
      54 0.33878368             1        54        54                  
      55 0.33955117             1        55        55                  
      56 0.33969247             1        56        56                  
      57 0.34581389             1        57        57                  
      58 0.34727497             1        58        58                  
      59 0.34737021             1        59        59                  
