

  *****  INDEX OF DATA SETS ON RESULTS FILE  *****

     SET   TIME/FREQ    LOAD STEP   SUBSTEP  CUMULATIVE
       1 0.36826311E-01         1         1         1                  
       2 0.71525316E-01         1         2         2                  
       3 0.73368585E-01         1         3         3                  
       4 0.73782346E-01         1         4         4                  
       5 0.10127108             1         5         5                  
       6 0.10337067             1         6         6                  
       7 0.11028007             1         7         7                  
       8 0.11622468             1         8         8                  
       9 0.12485673             1         9         9                  
      10 0.13548486             1        10        10                  
      11 0.13786227             1        11        11                  
      12 0.14540718             1        12        12                  
      13 0.14648119             1        13        13                  
      14 0.14661269             1        14        14                  
      15 0.14672210             1        15        15                  
      16 0.14964337             1        16        16                  
      17 0.16588229             1        17        17                  
      18 0.16740032             1        18        18                  
      19 0.16795231             1        19        19                  
      20 0.18337160             1        20        20                  
      21 0.18752288             1        21        21                  
      22 0.19088190             1        22        22                  
      23 0.19753007             1        23        23                  
      24 0.19999641             1        24        24                  
      25 0.22026511             1        25        25                  
      26 0.22113003             1        26        26                  
      27 0.22342761             1        27        27                  
      28 0.22520282             1        28        28                  
      29 0.22536114             1        29        29                  
      30 0.23126032             1        30        30                  
      31 0.23149266             1        31        31                  
      32 0.23169145             1        32        32                  
      33 0.23567281             1        33        33                  
      34 0.24085088             1        34        34                  
      35 0.24832334             1        35        35                  
      36 0.24836400             1        36        36                  
      37 0.25170363             1        37        37                  
      38 0.25326060             1        38        38                  
      39 0.25506301             1        39        39                  
      40 0.25627961             1        40        40                  
      41 0.25749962             1        41        41                  
      42 0.25816566             1        42        42                  
      43 0.25858329             1        43        43                  
      44 0.26372713             1        44        44                  
      45 0.26587955             1        45        45                  
      46 0.26766319             1        46        46                  
      47 0.27369249             1        47        47                  
      48 0.28679150             1        48        48                  
      49 0.28740130             1        49        49                  
      50 0.29271895             1        50        50                  
      51 0.29429100             1        51        51                  
      52 0.29562784             1        52        52                  
      53 0.29883546             1        53        53                  
      54 0.30014946             1        54        54                  
      55 0.31131518             1        55        55                  
      56 0.31400795             1        56        56                  
      57 0.31468027             1        57        57                  
      58 0.32979406             1        58        58                  
      59 0.33188432             1        59        59                  
      60 0.33193960             1        60        60                  
      61 0.33211771             1        61        61                  
      62 0.33227185             1        62        62                  
      63 0.33350390             1        63        63                  
      64 0.33563591             1        64        64                  
      65 0.33862497             1        65        65                  
      66 0.33955277             1        66        66                  
      67 0.34021529             1        67        67                  
      68 0.34532894             1        68        68                  
      69 0.34735371             1        69        69                  
      70 0.35139205             1        70        70                  
      71 0.35436688             1        71        71                  
      72 0.36252295             1        72        72                  
      73 0.36514812             1        73        73                  
      74 0.36731412             1        74        74                  
      75 0.36790332             1        75        75                  
      76 0.36875095             1        76        76                  
      77 0.37142554             1        77        77                  
      78 0.37502768             1        78        78                  
      79 0.37998002             1        79        79                  
      80 0.38680110             1        80        80                  
