

  *****  INDEX OF DATA SETS ON RESULTS FILE  *****

     SET   TIME/FREQ    LOAD STEP   SUBSTEP  CUMULATIVE
       1 0.36821634E-01         1         1         1                  
       2 0.71536428E-01         1         2         2                  
       3 0.73360594E-01         1         3         3                  
       4 0.73800683E-01         1         4         4                  
       5 0.10128655             1         5         5                  
       6 0.10341365             1         6         6                  
       7 0.11027367             1         7         7                  
       8 0.11624835             1         8         8                  
       9 0.12488787             1         9         9                  
      10 0.13548596             1        10        10                  
      11 0.13789297             1        11        11                  
      12 0.14540339             1        12        12                  
      13 0.14663450             1        13        13                  
      14 0.14670803             1        14        14                  
      15 0.14672115             1        15        15                  
      16 0.14967332             1        16        16                  
      17 0.16588453             1        17        17                  
      18 0.16746803             1        18        18                  
      19 0.16803158             1        19        19                  
      20 0.18337021             1        20        20                  
      21 0.18753993             1        21        21                  
      22 0.19096188             1        22        22                  
      23 0.19753332             1        23        23                  
      24 0.20018472             1        24        24                  
      25 0.22027419             1        25        25                  
      26 0.22116387             1        26        26                  
      27 0.22540164             1        27        27                  
      28 0.23126713             1        28        28                  
      29 0.23162819             1        29        29                  
      30 0.23572828             1        30        30                  
      31 0.24837012             1        31        31                  
      32 0.24854632             1        32        32                  
      33 0.25334411             1        33        33                  
      34 0.25639038             1        34        34                  
      35 0.25861908             1        35        35                  
      36 0.26362321             1        36        36                  
      37 0.29278984             1        37        37                  
      38 0.29433807             1        38        38                  
      39 0.29645092             1        39        39                  
      40 0.29663870             1        40        40                  
      41 0.29871814             1        41        41                  
      42 0.30019039             1        42        42                  
      43 0.30640392             1        43        43                  
      44 0.32929910             1        44        44                  
      45 0.32985821             1        45        45                  
      46 0.33216910             1        46        46                  
      47 0.33228606             1        47        47                  
      48 0.33229102             1        48        48                  
      49 0.33302628             1        49        49                  
      50 0.33458833             1        50        50                  
      51 0.33614882             1        51        51                  
      52 0.33835715             1        52        52                  
      53 0.33887717             1        53        53                  
      54 0.33965323             1        54        54                  
      55 0.34140053             1        55        55                  
      56 0.34402655             1        56        56                  
      57 0.34584200             1        57        57                  
      58 0.34737068             1        58        58                  
      59 0.35145678             1        59        59                  
      60 0.35441549             1        60        60                  
      61 0.36227526             1        61        61                  
      62 0.36525178             1        62        62                  
      63 0.36737786             1        63        63                  
      64 0.36922115             1        64        64                  
      65 0.36946113             1        65        65                  
      66 0.37144843             1        66        66                  
      67 0.37265680             1        67        67                  
      68 0.37319529             1        68        68                  
      69 0.37478813             1        69        69                  
      70 0.37565794             1        70        70                  
      71 0.38006868             1        71        71                  
      72 0.38348508             1        72        72                  
      73 0.38850417             1        73        73                  
      74 0.39367052             1        74        74                  
      75 0.39398813             1        75        75                  
      76 0.40081317             1        76        76                  
      77 0.40308798             1        77        77                  
      78 0.40681783             1        78        78                  
      79 0.41022551             1        79        79                  
      80 0.41220766             1        80        80                  
