

  *****  INDEX OF DATA SETS ON RESULTS FILE  *****

     SET   TIME/FREQ    LOAD STEP   SUBSTEP  CUMULATIVE
       1 0.36821632E-01         1         1         1                  
       2 0.71536409E-01         1         2         2                  
       3 0.73359323E-01         1         3         3                  
       4 0.73799584E-01         1         4         4                  
       5 0.10128652             1         5         5                  
       6 0.10341227             1         6         6                  
       7 0.11027365             1         7         7                  
       8 0.11624830             1         8         8                  
       9 0.12488780             1         9         9                  
      10 0.13548593             1        10        10                  
      11 0.13789205             1        11        11                  
      12 0.14540335             1        12        12                  
      13 0.14663444             1        13        13                  
      14 0.14670799             1        14        14                  
      15 0.14672009             1        15        15                  
      16 0.14967229             1        16        16                  
      17 0.16588447             1        17        17                  
      18 0.16746785             1        18        18                  
      19 0.16803083             1        19        19                  
      20 0.18337015             1        20        20                  
      21 0.18753984             1        21        21                  
      22 0.19096121             1        22        22                  
      23 0.19753324             1        23        23                  
      24 0.20018393             1        24        24                  
      25 0.22027408             1        25        25                  
      26 0.22116372             1        26        26                  
      27 0.22540097             1        27        27                  
      28 0.23126700             1        28        28                  
      29 0.23162789             1        29        29                  
      30 0.23572747             1        30        30                  
      31 0.24836994             1        31        31                  
      32 0.24854591             1        32        32                  
      33 0.25334299             1        33        33                  
      34 0.25639021             1        34        34                  
      35 0.25861888             1        35        35                  
      36 0.26362261             1        36        36                  
      37 0.29278955             1        37        37                  
      38 0.29433775             1        38        38                  
      39 0.29618591             1        39        39                  
      40 0.29634028             1        40        40                  
      41 0.29841546             1        41        41                  
      42 0.30018979             1        42        42                  
      43 0.30614267             1        43        43                  
      44 0.32895762             1        44        44                  
      45 0.32985743             1        45        45                  
      46 0.33216868             1        46        46                  
      47 0.33228561             1        47        47                  
      48 0.33228857             1        48        48                  
      49 0.33273249             1        49        49                  
      50 0.33428788             1        50        50                  
      51 0.33587493             1        51        51                  
      52 0.33815690             1        52        52                  
      53 0.33873633             1        53        53                  
      54 0.33965222             1        54        54                  
      55 0.34107721             1        55        55                  
      56 0.34373048             1        56        56                  
      57 0.34583995             1        57        57                  
      58 0.34737020             1        58        58                  
      59 0.35115749             1        59        59                  
      60 0.35441413             1        60        60                  
      61 0.36206908             1        61        61                  
      62 0.36524915             1        62        62                  
      63 0.36737727             1        63        63                  
      64 0.36919060             1        64        64                  
      65 0.36921916             1        65        65                  
      66 0.37144775             1        66        66                  
      67 0.37234913             1        67        67                  
      68 0.37286427             1        68        68                  
      69 0.37463042             1        69        69                  
      70 0.37548471             1        70        70                  
      71 0.38006736             1        71        71                  
      72 0.38327611             1        72        72                  
      73 0.38827683             1        73        73                  
      74 0.39330110             1        74        74                  
      75 0.39374397             1        75        75                  
      76 0.40081087             1        76        76                  
      77 0.40308718             1        77        77                  
      78 0.40649833             1        78        78                  
      79 0.40999579             1        79        79                  
      80 0.41220638             1        80        80                  
