
                        S T E P       1


                                INCREMENT     1


 displacements (vx,vy,vz) for set OBS and time  0.1000000E+01

         1  4.556203E-05 -2.127099E-07  2.494320E-03
         2  4.814132E-05 -2.464892E-07  2.615535E-03
         3  4.685167E-05 -2.297337E-07  2.554938E-03
         4  5.115688E-05 -2.741990E-07  2.755383E-03
         5  4.968321E-05 -2.613035E-07  2.686822E-03
         6  5.382966E-05 -2.855612E-07  2.880585E-03
         7  5.252881E-05 -2.811585E-07  2.820123E-03
         8  5.620452E-05 -2.807094E-07  2.986831E-03
         9  5.506607E-05 -2.843800E-07  2.936189E-03
        10  5.817202E-05 -2.618637E-07  3.072732E-03
        11  5.723065E-05 -2.723140E-07  3.032299E-03
        12  5.981816E-05 -2.321278E-07  3.138901E-03
        13  5.903968E-05 -2.477479E-07  3.108173E-03
        14  6.112147E-05 -1.945792E-07  3.187166E-03
        15  6.050395E-05 -2.138440E-07  3.165114E-03
        16  6.218995E-05 -1.519241E-07  3.220005E-03
        17  6.168605E-05 -1.735191E-07  3.205338E-03
        18  6.461935E-05  1.499763E-07  3.219923E-03
        19  6.427320E-05 -9.729612E-10  3.262416E-03
        20  6.441909E-05  1.926209E-07  3.187050E-03
        21  6.454506E-05  1.715665E-07  3.205240E-03
        22  6.393853E-05  2.301688E-07  3.138739E-03
        23  6.421705E-05  2.118862E-07  3.164977E-03
        24  6.316368E-05  2.598655E-07  3.072505E-03
        25  6.359181E-05  2.457705E-07  3.107981E-03
        26  6.199521E-05  2.786924E-07  2.986518E-03
        27  6.262809E-05  2.703083E-07  3.032033E-03
        28  6.051294E-05  2.834544E-07  2.880160E-03
        29  6.129024E-05  2.823204E-07  2.935823E-03
        30  5.871785E-05  2.720372E-07  2.754826E-03
        31  5.964168E-05  2.790267E-07  2.819635E-03
        32  5.691501E-05  2.441658E-07  2.614819E-03
        33  5.780489E-05  2.590624E-07  2.686188E-03
        34  5.545832E-05  2.103199E-07  2.493468E-03
        35  5.618666E-05  2.273766E-07  2.554154E-03
        36  4.716621E-05  4.116417E-05  2.614588E-03
        37  5.544658E-04  1.278308E-05 -1.193760E-05
        38  4.814132E-05 -2.464892E-07  2.615535E-03
        39  0.000000E+00  0.000000E+00  0.000000E+00
        40  0.000000E+00  0.000000E+00  0.000000E+00
        41  4.947887E-05  3.823766E-05  2.757103E-03
        42  5.122687E-04  2.280636E-05 -1.088576E-05
        43  5.115688E-05 -2.741990E-07  2.755383E-03
        44  0.000000E+00  0.000000E+00  0.000000E+00
        45  0.000000E+00  0.000000E+00  0.000000E+00
        46  5.191865E-05  3.302514E-05  2.878713E-03
        47  4.461955E-04  2.504778E-05 -9.792273E-06
        48  5.382966E-05 -2.855612E-07  2.880585E-03
        49  0.000000E+00  0.000000E+00  0.000000E+00
        50  0.000000E+00  0.000000E+00  0.000000E+00
        51  5.374842E-05  2.753775E-05  2.989339E-03
        52  3.696020E-04  3.337928E-05 -8.284563E-06
        53  5.620452E-05 -2.807094E-07  2.986831E-03
        54  0.000000E+00  0.000000E+00  0.000000E+00
        55  0.000000E+00  0.000000E+00  0.000000E+00
        56  5.533610E-05  2.148455E-05  3.069948E-03
        57  2.918690E-04  3.716833E-05 -6.981116E-06
        58  5.817202E-05 -2.618637E-07  3.072732E-03
        59  0.000000E+00  0.000000E+00  0.000000E+00
        60  0.000000E+00  0.000000E+00  0.000000E+00
        61  5.655835E-05  1.631207E-05  3.142225E-03
        62  2.191152E-04  4.430080E-05 -5.609597E-06
        63  5.981816E-05 -2.321278E-07  3.138901E-03
        64  0.000000E+00  0.000000E+00  0.000000E+00
        65  0.000000E+00  0.000000E+00  0.000000E+00
        66  5.738030E-05  1.127895E-05  3.183490E-03
        67  1.548527E-04  4.903164E-05 -4.560251E-06
        68  6.112147E-05 -1.945792E-07  3.187166E-03
        69  0.000000E+00  0.000000E+00  0.000000E+00
        70  0.000000E+00  0.000000E+00  0.000000E+00
        71  5.811200E-05  7.527324E-06  3.224162E-03
        72  1.006626E-04  5.541905E-05 -3.627719E-06
        73  6.218995E-05 -1.519241E-07  3.220005E-03
        74  0.000000E+00  0.000000E+00  0.000000E+00
        75  0.000000E+00  0.000000E+00  0.000000E+00
        76  5.792272E-05 -7.505641E-06  3.213341E-03
        77 -1.007761E-04  8.776340E-05  4.523484E-07
        78  6.461935E-05  1.499763E-07  3.219923E-03
        79  0.000000E+00  0.000000E+00  0.000000E+00
        80  0.000000E+00  0.000000E+00  0.000000E+00
        81  5.750940E-05 -1.130635E-05  3.194094E-03
        82 -1.550043E-04  9.390397E-05  1.244705E-06
        83  6.441909E-05  1.926209E-07  3.187050E-03
        84  0.000000E+00  0.000000E+00  0.000000E+00
        85  0.000000E+00  0.000000E+00  0.000000E+00
        86  5.643189E-05 -1.632383E-05  3.131363E-03
        87 -2.193254E-04  9.837892E-05  2.417794E-06
        88  6.393853E-05  2.301688E-07  3.138739E-03
        89  0.000000E+00  0.000000E+00  0.000000E+00
        90  0.000000E+00  0.000000E+00  0.000000E+00
        91  5.541378E-05 -2.151269E-05  3.080408E-03
        92 -2.921583E-04  1.053237E-04  3.665416E-06
        93  6.316368E-05  2.598655E-07  3.072505E-03
        94  0.000000E+00  0.000000E+00  0.000000E+00
        95  0.000000E+00  0.000000E+00  0.000000E+00
        96  5.367557E-05 -2.756542E-05  2.978346E-03
        97 -3.699792E-04  1.090337E-04  5.157496E-06
        98  6.199521E-05  2.786924E-07  2.986518E-03
        99  0.000000E+00  0.000000E+00  0.000000E+00
       100  0.000000E+00  0.000000E+00  0.000000E+00
       101  5.186758E-05 -3.305302E-05  2.888980E-03
       102 -4.466686E-04  1.174948E-04  6.264221E-06
       103  6.051294E-05  2.834544E-07  2.880160E-03
       104  0.000000E+00  0.000000E+00  0.000000E+00
       105  0.000000E+00  0.000000E+00  0.000000E+00
       106  4.954980E-05 -3.832898E-05  2.745825E-03
       107 -5.128288E-04  1.201527E-04  7.068350E-06
       108  5.871785E-05  2.720372E-07  2.754826E-03
       109  0.000000E+00  0.000000E+00  0.000000E+00
       110  0.000000E+00  0.000000E+00  0.000000E+00
       111  4.729149E-05 -4.110370E-05  2.624641E-03
       112 -5.550979E-04  1.307897E-04  6.707647E-06
       113  5.691501E-05  2.441658E-07  2.614819E-03
       114  0.000000E+00  0.000000E+00  0.000000E+00
       115  0.000000E+00  0.000000E+00  0.000000E+00
       116  4.658897E-05 -2.262876E-07  2.542592E-03
       117  5.602027E-04  1.278430E-05 -1.193756E-05
       118  6.352373E-05 -7.424949E-04  2.542384E-03
       119  5.457706E-05 -3.503530E-04  2.542494E-03
       120  5.603830E-05  2.239237E-07  2.541794E-03
       121 -5.608348E-04  1.308049E-04  6.707272E-06
       122  2.293523E-04  7.433306E-04  2.541574E-03
       123  1.377902E-04  3.507459E-04  2.541690E-03
       124  6.427320E-05 -9.729612E-10  3.262416E-03
       125 -4.470655E-08  7.159129E-05 -1.355540E-06
       126  6.427320E-05 -9.729612E-10  3.262416E-03

 forces (fx,fy,fz) for set OBS and time  0.1000000E+01

         1  1.412153E-04 -1.058357E-03 -5.720184E+01
         2 -1.093160E+01 -1.192250E+01  2.275169E+02
         3 -7.349452E-06  9.858793E-06 -4.309624E+02
         4  1.482562E+01 -1.099069E+01  1.523492E+02
         5 -1.346357E-05 -3.630434E-06 -2.049440E+01
         6 -9.288582E+00 -9.565147E+00  1.150699E+02
         7 -1.665491E-05  5.053875E-05 -2.049439E+01
         8  9.679151E+00 -7.915192E+00  8.566828E+01
         9 -1.156521E-05 -2.239422E-05 -2.049439E+01
        10 -6.135426E+00 -6.222626E+00  5.960691E+01
        11 -1.163859E-05  3.757171E-05 -2.049438E+01
        12  6.446759E+00 -4.688587E+00  4.176808E+01
        13 -7.146746E-06 -3.709459E-05 -2.049438E+01
        14 -5.331366E+00 -3.266755E+00  2.669611E+01
        15 -6.755721E-06  3.444761E-05 -2.049438E+01
        16  1.167015E+00 -2.163603E+00 -1.007200E+01
        17 -4.042504E-06 -5.201507E-05 -2.049438E+01
        18 -5.486946E+00  2.173850E+00 -1.032670E+01
        19 -3.056634E-05 -4.241136E-05 -1.340017E+02
        20  5.536674E+00  3.249781E+00  2.687101E+01
        21 -8.398301E-06 -5.997973E-05 -2.049439E+01
        22 -4.957626E+00  4.727904E+00  4.179198E+01
        23 -8.359895E-06  2.633076E-05 -2.049439E+01
        24  8.376221E+00  6.183394E+00  5.950720E+01
        25 -1.250901E-05 -5.912179E-05 -2.049438E+01
        26 -5.884847E+00  7.983832E+00  8.614192E+01
        27 -1.306810E-05  1.208138E-05 -2.049439E+01
        28  1.456637E+01  9.500446E+00  1.144356E+02
        29 -1.941075E-05 -6.853758E-05 -2.049439E+01
        30 -1.183316E+01  1.110130E+01  1.536175E+02
        31 -1.910952E-05 -2.254184E-06 -2.049439E+01
        32 -7.483616E-01  1.181445E+01  2.266097E+02
        33 -2.616176E-05 -7.836102E-05 -2.049438E+01
        34  1.967757E-04  1.475909E-03 -5.720187E+01
        35 -9.448322E-06 -2.197155E-05 -4.309624E+02
        36  1.093160E+01  1.192250E+01 -2.018716E+02
        37  0.000000E+00  0.000000E+00  0.000000E+00
        38  0.000000E+00  0.000000E+00  0.000000E+00
        39 -6.407217E+05 -5.188262E+00  1.173488E+04
        40  6.407108E+05 -6.734238E+00 -1.153301E+04
        41 -1.482563E+01  1.099070E+01 -1.625964E+02
        42  0.000000E+00  0.000000E+00  0.000000E+00
        43  0.000000E+00  0.000000E+00  0.000000E+00
        44 -6.407093E+05 -4.965841E+00  1.172048E+04
        45  6.407241E+05 -6.024859E+00 -1.155788E+04
        46  9.288573E+00  9.565156E+00 -1.253171E+02
        47  0.000000E+00  0.000000E+00  0.000000E+00
        48  0.000000E+00  0.000000E+00  0.000000E+00
        49 -6.407198E+05 -4.162416E+00  1.170154E+04
        50  6.407105E+05 -5.402740E+00 -1.157623E+04
        51 -9.679156E+00  7.915195E+00 -9.591548E+01
        52  0.000000E+00  0.000000E+00  0.000000E+00
        53  0.000000E+00  0.000000E+00  0.000000E+00
        54 -6.407107E+05 -3.576272E+00  1.169034E+04
        55  6.407204E+05 -4.338923E+00 -1.159442E+04
        56  6.135420E+00  6.222627E+00 -6.985410E+01
        57  0.000000E+00  0.000000E+00  0.000000E+00
        58  0.000000E+00  0.000000E+00  0.000000E+00
        59 -6.407179E+05 -2.707856E+00  1.167740E+04
        60  6.407117E+05 -3.514771E+00 -1.160754E+04
        61 -6.446763E+00  4.688586E+00 -5.201528E+01
        62  0.000000E+00  0.000000E+00  0.000000E+00
        63  0.000000E+00  0.000000E+00  0.000000E+00
        64 -6.407119E+05 -2.118418E+00  1.167049E+04
        65  6.407183E+05 -2.570168E+00 -1.161848E+04
        66  5.331362E+00  3.266750E+00 -3.694329E+01
        67  0.000000E+00  0.000000E+00  0.000000E+00
        68  0.000000E+00  0.000000E+00  0.000000E+00
        69 -6.407173E+05 -1.421567E+00  1.166307E+04
        70  6.407120E+05 -1.845184E+00 -1.162613E+04
        71 -1.167022E+00  2.163580E+00 -2.855205E+01
        72  0.000000E+00  0.000000E+00  0.000000E+00
        73  0.000000E+00  0.000000E+00  0.000000E+00
        74 -6.407142E+05 -9.775628E-01  1.165989E+04
        75  6.407153E+05 -1.186018E+00 -1.163134E+04
        76  5.486934E+00 -2.173878E+00 -2.829731E+01
        77  0.000000E+00  0.000000E+00  0.000000E+00
        78  0.000000E+00  0.000000E+00  0.000000E+00
        79 -6.407174E+05  9.459900E-01  1.165931E+04
        80  6.407119E+05  1.227888E+00 -1.163101E+04
        81 -5.536678E+00 -3.249789E+00 -3.711821E+01
        82  0.000000E+00  0.000000E+00  0.000000E+00
        83  0.000000E+00  0.000000E+00  0.000000E+00
        84 -6.407122E+05  1.468335E+00  1.166376E+04
        85  6.407177E+05  1.781454E+00 -1.162664E+04
        86  4.957620E+00 -4.727913E+00 -5.203916E+01
        87  0.000000E+00  0.000000E+00  0.000000E+00
        88  0.000000E+00  0.000000E+00  0.000000E+00
        89 -6.407172E+05  2.057410E+00  1.166964E+04
        90  6.407123E+05  2.670504E+00 -1.161760E+04
        91 -8.376227E+00 -6.183405E+00 -6.975440E+01
        92  0.000000E+00  0.000000E+00  0.000000E+00
        93  0.000000E+00  0.000000E+00  0.000000E+00
        94 -6.407111E+05  2.793810E+00  1.167851E+04
        95  6.407195E+05  3.389595E+00 -1.160876E+04
        96  5.884837E+00 -7.983847E+00 -9.638911E+01
        97  0.000000E+00  0.000000E+00  0.000000E+00
        98  0.000000E+00  0.000000E+00  0.000000E+00
        99 -6.407180E+05  3.474274E+00  1.168895E+04
       100  6.407121E+05  4.509572E+00 -1.159256E+04
       101 -1.456638E+01 -9.500464E+00 -1.246828E+02
       102  0.000000E+00  0.000000E+00  0.000000E+00
       103  0.000000E+00  0.000000E+00  0.000000E+00
       104 -6.407088E+05  4.292518E+00  1.170334E+04
       105  6.407234E+05  5.207946E+00 -1.157866E+04
       106  1.183315E+01 -1.110133E+01 -1.638647E+02
       107  0.000000E+00  0.000000E+00  0.000000E+00
       108  0.000000E+00  0.000000E+00  0.000000E+00
       109 -6.407214E+05  4.830916E+00  1.171833E+04
       110  6.407096E+05  6.270409E+00 -1.155446E+04
       111  7.483541E-01 -1.181447E+01 -2.009644E+02
       112  0.000000E+00  0.000000E+00  0.000000E+00
       113  0.000000E+00  0.000000E+00  0.000000E+00
       114 -6.407170E+05  5.338115E+00  1.173783E+04
       115  6.407163E+05  6.476360E+00 -1.153686E+04
       116  0.000000E+00  0.000000E+00  0.000000E+00
       117  0.000000E+00  0.000000E+00  0.000000E+00
       118  0.000000E+00  0.000000E+00  0.000000E+00
       119  0.000000E+00  0.000000E+00  0.000000E+00
       120  0.000000E+00  0.000000E+00  0.000000E+00
       121  0.000000E+00  0.000000E+00  0.000000E+00
       122  0.000000E+00  0.000000E+00  0.000000E+00
       123  0.000000E+00  0.000000E+00  0.000000E+00
       124  0.000000E+00  0.000000E+00  0.000000E+00
       125  0.000000E+00  0.000000E+00  0.000000E+00
       126  0.000000E+00  0.000000E+00  0.000000E+00

                        S T E P       2


     