

  *****  INDEX OF DATA SETS ON RESULTS FILE  *****

     SET   TIME/FREQ    LOAD STEP   SUBSTEP  CUMULATIVE
       1 0.36821196E-01         1         1         1                  
       2 0.71535891E-01         1         2         2                  
       3 0.73356589E-01         1         3         3                  
       4 0.73788522E-01         1         4         4                  
       5 0.10128568             1         5         5                  
       6 0.10338014             1         6         6                  
       7 0.11026628             1         7         7                  
       8 0.11622469             1         8         8                  
       9 0.12485673             1         9         9                  
      10 0.13548486             1        10        10                  
      11 0.13786227             1        11        11                  
      12 0.14540174             1        12        12                  
      13 0.14647907             1        13        13                  
      14 0.14663287             1        14        14                  
      15 0.14669740             1        15        15                  
      16 0.14966221             1        16        16                  
      17 0.16588229             1        17        17                  
      18 0.16740032             1        18        18                  
      19 0.16795231             1        19        19                  
      20 0.18334529             1        20        20                  
      21 0.18753720             1        21        21                  
      22 0.19089345             1        22        22                  
      23 0.19753007             1        23        23                  
      24 0.19999641             1        24        24                  
      25 0.22022984             1        25        25                  
      26 0.22115988             1        26        26                  
      27 0.22342549             1        27        27                  
      28 0.22520252             1        28        28                  
      29 0.22539008             1        29        29                  
      30 0.23126032             1        30        30                  
      31 0.23149266             1        31        31                  
      32 0.23169145             1        32        32                  
      33 0.23567281             1        33        33                  
      34 0.24085088             1        34        34                  
      35 0.24832334             1        35        35                  
      36 0.24836400             1        36        36                  
      37 0.25168577             1        37        37                  
      38 0.25326060             1        38        38                  
      39 0.25505154             1        39        39                  
      40 0.25625417             1        40        40                  
      41 0.25746213             1        41        41                  
      42 0.25816566             1        42        42                  
      43 0.25861331             1        43        43                  
      44 0.26375453             1        44        44                  
      45 0.26587252             1        45        45                  
      46 0.26766319             1        46        46                  
      47 0.27369249             1        47        47                  
      48 0.28676097             1        48        48                  
      49 0.28739800             1        49        49                  
      50 0.29268401             1        50        50                  
      51 0.29432995             1        51        51                  
