

  *****  INDEX OF DATA SETS ON RESULTS FILE  *****

     SET   TIME/FREQ    LOAD STEP   SUBSTEP  CUMULATIVE
       1 0.36821630E-01         1         1         1                  
       2 0.71536391E-01         1         2         2                  
       3 0.73374389E-01         1         3         3                  
       4 0.73812721E-01         1         4         4                  
       5 0.10128651             1         5         5                  
       6 0.10342559             1         6         6                  
       7 0.11027366             1         7         7                  
       8 0.11624829             1         8         8                  
       9 0.12488779             1         9         9                  
      10 0.13548590             1        10        10                  
      11 0.13790611             1        11        11                  
      12 0.14540334             1        12        12                  
      13 0.14663441             1        13        13                  
      14 0.14670830             1        14        14                  
      15 0.14673348             1        15        15                  
      16 0.14968512             1        16        16                  
      17 0.16588441             1        17        17                  
      18 0.16746790             1        18        18                  
      19 0.16804291             1        19        19                  
      20 0.18337019             1        20        20                  
      21 0.18753978             1        21        21                  
      22 0.19097012             1        22        22                  
      23 0.19753321             1        23        23                  
      24 0.20019320             1        24        24                  
      25 0.22027425             1        25        25                  
      26 0.22116360             1        26        26                  
      27 0.22540923             1        27        27                  
      28 0.23126683             1        28        28                  
      29 0.23162851             1        29        29                  
      30 0.23573542             1        30        30                  
      31 0.24836970             1        31        31                  
      32 0.24854658             1        32        32                  
      33 0.25335078             1        33        33                  
      34 0.25639031             1        34        34                  
      35 0.25861875             1        35        35                  
      36 0.26362959             1        36        36                  
      37 0.29278968             1        37        37                  
      38 0.29433760             1        38        38                  
      39 0.29618844             1        39        39                  
      40 0.29632593             1        40        40                  
      41 0.29840419             1        41        41                  
      42 0.30019624             1        42        42                  
      43 0.30615062             1        43        43                  
      44 0.32895531             1        44        44                  
      45 0.32985753             1        45        45                  
      46 0.33216846             1        46        46                  
      47 0.33228551             1        47        47                  
      48 0.33228946             1        48        48                  
      49 0.33273024             1        49        49                  
      50 0.33428939             1        50        50                  
      51 0.33587605             1        51        51                  
      52 0.33813337             1        52        52                  
      53 0.33872653             1        53        53                  
      54 0.33965728             1        54        54                  
      55 0.34106591             1        55        55                  
      56 0.34373481             1        56        56                  
      57 0.34584004             1        57        57                  
      58 0.34736969             1        58        58                  
      59 0.35115908             1        59        59                  
      60 0.35441989             1        60        60                  
      61 0.36207376             1        61        61                  
      62 0.36524928             1        62        62                  
      63 0.36737687             1        63        63                  
      64 0.36918903             1        64        64                  
      65 0.36921953             1        65        65                  
      66 0.37144712             1        66        66                  
      67 0.37234466             1        67        67                  
      68 0.37285814             1        68        68                  
      69 0.37463055             1        69        69                  
      70 0.37548520             1        70        70                  
      71 0.38007325             1        71        71                  
      72 0.38327972             1        72        72                  
      73 0.38827709             1        73        73                  
      74 0.39329602             1        74        74                  
      75 0.39374544             1        75        75                  
      76 0.40081102             1        76        76                  
      77 0.40308684             1        77        77                  
      78 0.40649071             1        78        78                  
      79 0.40999605             1        79        79                  
      80 0.41221098             1        80        80                  
