

  *****  INDEX OF DATA SETS ON RESULTS FILE  *****

     SET   TIME/FREQ    LOAD STEP   SUBSTEP  CUMULATIVE
       1 0.36826293E-01         1         1         1                  
       2 0.71525313E-01         1         2         2                  
       3 0.73325058E-01         1         3         3                  
       4 0.73755957E-01         1         4         4                  
       5 0.10127107             1         5         5                  
       6 0.10334505             1         6         6                  
       7 0.11027990             1         7         7                  
       8 0.11622431             1         8         8                  
       9 0.12485630             1         9         9                  
      10 0.13548485             1        10        10                  
      11 0.13781546             1        11        11                  
      12 0.14540717             1        12        12                  
      13 0.14644126             1        13        13                  
      14 0.14661268             1        14        14                  
      15 0.14672106             1        15        15                  
      16 0.14960902             1        16        16                  
      17 0.16588227             1        17        17                  
      18 0.16739917             1        18        18                  
      19 0.16789386             1        19        19                  
      20 0.18337095             1        20        20                  
      21 0.18752285             1        21        21                  
      22 0.19085323             1        22        22                  
      23 0.19753003             1        23        23                  
      24 0.19996989             1        24        24                  
      25 0.22026382             1        25        25                  
      26 0.22112997             1        26        26                  
      27 0.22264806             1        27        27                  
      28 0.22441911             1        28        28                  
      29 0.22533804             1        29        29                  
      30 0.23104501             1        30        30                  
      31 0.23126609             1        31        31                  
      32 0.23148843             1        32        32                  
      33 0.23564285             1        33        33                  
      34 0.24025045             1        34        34                  
      35 0.24831629             1        35        35                  
      36 0.24836389             1        36        36                  
      37 0.25078878             1        37        37                  
      38 0.25321835             1        38        38                  
      39 0.25419213             1        39        39                  
      40 0.25609315             1        40        40                  
      41 0.25679126             1        41        41                  
      42 0.25740103             1        42        42                  
      43 0.25858323             1        43        43                  
      44 0.26369075             1        44        44                  
      45 0.26512158             1        45        45                  
      46 0.26694327             1        46        46                  
      47 0.27302860             1        47        47                  
      48 0.28571410             1        48        48                  
      49 0.28670916             1        49        49                  
      50 0.29270438             1        50        50                  
      51 0.29429089             1        51        51                  
      52 0.29472938             1        52        52                  
      53 0.29802494             1        53        53                  
      54 0.30012987             1        54        54                  
      55 0.31069237             1        55        55                  
      56 0.31351438             1        56        56                  
      57 0.31380700             1        57        57                  
      58 0.32979030             1        58        58                  
      59 0.33131680             1        59        59                  
      60 0.33188626             1        60        60                  
      61 0.33211756             1        61        61                  
      62 0.33227167             1        62        62                  
      63 0.33302760             1        63        63                  
      64 0.33484041             1        64        64                  
      65 0.33860819             1        65        65                  
      66 0.33953775             1        66        66                  
      67 0.33963653             1        67        67                  
      68 0.34531936             1        68        68                  
      69 0.34735349             1        69        69                  
      70 0.35080428             1        70        70                  
      71 0.35434310             1        71        71                  
      72 0.36178377             1        72        72                  
      73 0.36514363             1        73        73                  
      74 0.36731359             1        74        74                  
      75 0.36740393             1        75        75                  
      76 0.36873496             1        76        76                  
      77 0.37142521             1        77        77                  
      78 0.37501112             1        78        78                  
      79 0.37994494             1        79        79                  
      80 0.38617010             1        80        80                  
