
                        S T E P       1


     E I G E N V A L U E   O U T P U T

 MODE NO    EIGENVALUE                       FREQUENCY   
                                     REAL PART            IMAGINARY PART
                           (RAD/TIME)      (CYCLES/TIME     (RAD/TIME)

      1   0.6778551E-01   0.2603565E+00   0.4143702E-01   0.0000000E+00
      2   0.2488261E+00   0.4988247E+00   0.7939041E-01   0.0000000E+00
      3   0.2680493E+00   0.5177347E+00   0.8240004E-01   0.0000000E+00
      4   0.4885211E+00   0.6989428E+00   0.1112402E+00   0.0000000E+00
      5   0.6019357E+00   0.7758452E+00   0.1234796E+00   0.0000000E+00
      6   0.6662905E+00   0.8162662E+00   0.1299128E+00   0.0000000E+00
      7   0.7666101E+00   0.8755627E+00   0.1393501E+00   0.0000000E+00
      8   0.9881765E+00   0.9940707E+00   0.1582113E+00   0.0000000E+00
      9   0.1049318E+01   0.1024362E+01   0.1630323E+00   0.0000000E+00
     10   0.1069376E+01   0.1034106E+01   0.1645831E+00   0.0000000E+00
     11   0.1336225E+01   0.1155952E+01   0.1839755E+00   0.0000000E+00
     12   0.1401175E+01   0.1183712E+01   0.1883937E+00   0.0000000E+00
     13   0.1424967E+01   0.1193720E+01   0.1899864E+00   0.0000000E+00
     14   0.1670364E+01   0.1292426E+01   0.2056959E+00   0.0000000E+00
     15   0.1739973E+01   0.1319080E+01   0.2099382E+00   0.0000000E+00
     16   0.2190169E+01   0.1479922E+01   0.2355369E+00   0.0000000E+00
     17   0.2381141E+01   0.1543095E+01   0.2455912E+00   0.0000000E+00
     18   0.2404951E+01   0.1550790E+01   0.2468159E+00   0.0000000E+00
     19   0.2644844E+01   0.1626298E+01   0.2588333E+00   0.0000000E+00
     20   0.2662513E+01   0.1631721E+01   0.2596965E+00   0.0000000E+00

     P A R T I C I P A T I O N   F A C T O R S

MODE NO.   X-COMPONENT     Y-COMPONENT     Z-COMPONENT     X-ROTATION      Y-ROTATION      Z-ROTATION

      1  -0.5054159E-16   0.5776042E+01   0.1607274E-16  -0.9061961E+06   0.2055596E-10   0.1071426E+08
      2   0.2198761E+01  -0.2238461E-14   0.4900118E-02   0.1181908E+03   0.3484363E+07  -0.5303412E+05
      3   0.2730518E-14  -0.1189509E-04   0.4534241E-15   0.1126001E+03   0.1251292E-08   0.3342842E+07
      4  -0.2788340E-02  -0.9745643E-14  -0.1868902E+01  -0.4507791E+05   0.3467661E+07   0.6725476E+02
      5  -0.1309624E-14  -0.1950713E+01   0.1646760E-14   0.6231965E+06  -0.6603176E-08  -0.3618468E+07
      6  -0.1335360E-14  -0.3256980E+01   0.3483101E-14   0.7037594E+06  -0.7399728E-08  -0.1096384E+08
      7  -0.1260003E-14   0.3176081E+01   0.3168983E-14  -0.5889353E+06  -0.7226171E-08   0.1193110E+07
      8  -0.2137024E-01  -0.7628285E-15  -0.5150725E+01  -0.1242355E+06   0.9529517E+07   0.5154502E+03
      9  -0.1100418E+01   0.7642692E-14   0.7462988E-01   0.1800073E+04  -0.1832427E+07   0.2654208E+05
     10   0.4587615E-14  -0.1064065E-04  -0.2433042E-13   0.5830658E+02   0.5110350E-07   0.1675536E+07
     11   0.1282570E+01   0.2317656E-13  -0.2860823E+01  -0.6900306E+05   0.1317697E+07  -0.3093558E+05
     12   0.2966573E-13  -0.2683187E+01   0.3172985E-13   0.2085987E+06  -0.1835545E-06  -0.1065700E+08
     13  -0.9190300E+00  -0.5289114E-13  -0.3045986E+01  -0.7346918E+05   0.1004286E+08   0.2216700E+05
     14   0.4547272E-15   0.1171456E+01  -0.5491718E-13  -0.3890091E+06   0.1103778E-06   0.2172984E+07
     15  -0.4576831E-04  -0.2356609E-13  -0.2381670E+01  -0.5744588E+05   0.4417392E+07   0.1103932E+01
     16   0.4505056E+00  -0.5442293E-15   0.2619464E+01   0.6318147E+05  -0.1036845E+08  -0.1086619E+05
     17   0.8265812E+00   0.1129152E-14  -0.6997205E-02  -0.1687726E+03   0.1125463E+07  -0.1993714E+05
     18  -0.5203800E-13  -0.1016060E-04   0.2811645E-14   0.4003962E+02  -0.7078881E-07   0.1117380E+07
     19  -0.3575369E+00   0.2939765E-14   0.1547441E+00   0.3732428E+04  -0.1198768E+07   0.8623791E+04
     20   0.2101569E-13   0.1447684E-01  -0.1389316E-13  -0.1776431E+06   0.7763742E-07  -0.5295505E+06

     E F F E C T I V E   M O D A L   M A S S

MODE NO.   X-COMPONENT     Y-COMPONENT     Z-COMPONENT     X-ROTATION      Y-ROTATION      Z-ROTATION

      1   0.2554452E-32   0.3336266E+02   0.2583330E-33   0.8211914E+12   0.4225476E-21   0.1147954E+15
      2   0.4834551E+01   0.5010709E-29   0.2401115E-04   0.1396908E+05   0.1214078E+14   0.2812618E+10
      3   0.7455727E-29   0.1414933E-09   0.2055934E-30   0.1267879E+05   0.1565731E-17   0.1117460E+14
      4   0.7774841E-05   0.9497756E-28   0.3492793E+01   0.2032018E+10   0.1202467E+14   0.4523203E+04
      5   0.1715116E-29   0.3805282E+01   0.2711819E-29   0.3883738E+12   0.4360193E-16   0.1309331E+14
      6   0.1783186E-29   0.1060792E+02   0.1213199E-28   0.4952773E+12   0.5475598E-16   0.1202058E+15
      7   0.1587608E-29   0.1008749E+02   0.1004245E-28   0.3468448E+12   0.5221755E-16   0.1423511E+13
      8   0.4566871E-03   0.5819073E-30   0.2652997E+02   0.1543446E+11   0.9081169E+14   0.2656889E+06
      9   0.1210919E+01   0.5841075E-28   0.5569619E-02   0.3240262E+07   0.3357789E+13   0.7044817E+09
     10   0.2104621E-28   0.1132234E-09   0.5919694E-27   0.3399657E+04   0.2611568E-14   0.2807421E+13
     11   0.1644985E+01   0.5371528E-27   0.8184310E+01   0.4761422E+10   0.1736326E+13   0.9570099E+09
     12   0.8800558E-27   0.7199494E+01   0.1006784E-26   0.4351342E+11   0.3369225E-13   0.1135716E+15
     13   0.8446161E+00   0.2797473E-26   0.9278030E+01   0.5397720E+10   0.1008591E+15   0.4913760E+09
     14   0.2067768E-30   0.1372309E+01   0.3015897E-26   0.1513280E+12   0.1218326E-13   0.4721858E+13
     15   0.2094738E-08   0.5553607E-27   0.5672353E+01   0.3300029E+10   0.1951336E+14   0.1218665E+01
     16   0.2029553E+00   0.2961855E-30   0.6861591E+01   0.3991898E+10   0.1075048E+15   0.1180742E+09
     17   0.6832365E+00   0.1274985E-29   0.4896087E-04   0.2848418E+05   0.1266668E+13   0.3974895E+09
     18   0.2707954E-26   0.1032378E-09   0.7905347E-29   0.1603171E+04   0.5011056E-14   0.1248537E+13
     19   0.1278327E+00   0.8642217E-29   0.2394574E-01   0.1393102E+08   0.1437045E+13   0.7436977E+08
     20   0.4416594E-27   0.2095790E-03   0.1930200E-27   0.3155707E+11   0.6027569E-14   0.2804238E+12
TOTAL     0.9549560E+01   0.6643537E+02   0.6004863E+02   0.2313021E+13   0.3506522E+15   0.3833280E+15

     T O T A L   E F F E C T I V E   M A S S

           X-COMPONENT     Y-COMPONENT     Z-COMPONENT     X-ROTATION      Y-ROTATION      Z-ROTATION

          0.7692148E+02   0.7682389E+02   0.7682389E+02   0.3055811E+13   0.4621011E+15   0.4591345E+15


     F R A C T I O N   O F   T O T A L S

           X-COMPONENT     Y-COMPONENT     Z-COMPONENT     X-ROTATION      Y-ROTATION      Z-ROTATION

          0.1241468E+00   0.8647748E+00   0.7816401E+00   0.7569252E+00   0.7588213E+00   0.8348927E+00

