

  *****  INDEX OF DATA SETS ON RESULTS FILE  *****

     SET   TIME/FREQ    LOAD STEP   SUBSTEP  CUMULATIVE
       1 0.36826009E-01         1         1         1                  
       2 0.71525435E-01         1         2         2                  
       3 0.73604161E-01         1         3         3                  
       4 0.84445421E-01         1         4         4                  
       5 0.10127106             1         5         5                  
       6 0.10607328             1         6         6                  
       7 0.11028388             1         7         7                  
       8 0.11622382             1         8         8                  
       9 0.12485492             1         9         9                  
      10 0.13548482             1        10        10                  
      11 0.13877923             1        11        11                  
      12 0.14540690             1        12        12                  
      13 0.14654412             1        13        13                  
      14 0.14661250             1        14        14                  
      15 0.14674106             1        15        15                  
      16 0.15099996             1        16        16                  
      17 0.16588129             1        17        17                  
      18 0.16739615             1        18        18                  
      19 0.16781886             1        19        19                  
      20 0.18337239             1        20        20                  
      21 0.18752211             1        21        21                  
      22 0.19112223             1        22        22                  
      23 0.19752975             1        23        23                  
      24 0.20003863             1        24        24                  
      25 0.22013985             1        25        25                  
      26 0.22027264             1        26        26                  
      27 0.22112930             1        27        27                  
      28 0.22191586             1        28        28                  
      29 0.22575279             1        29        29                  
      30 0.22889868             1        30        30                  
      31 0.23126081             1        31        31                  
      32 0.23152008             1        32        32                  
      33 0.23593578             1        33        33                  
      34 0.23819704             1        34        34                  
      35 0.24791599             1        35        35                  
      36 0.24833248             1        36        36                  
      37 0.24835949             1        37        37                  
      38 0.25106827             1        38        38                  
      39 0.25326472             1        39        39                  
      40 0.25339798             1        40        40                  
      41 0.25452368             1        41        41                  
      42 0.25640532             1        42        42                  
      43 0.25858143             1        43        43                  
      44 0.26267625             1        44        44                  
      45 0.26377513             1        45        45                  
      46 0.26410762             1        46        46                  
      47 0.27094427             1        47        47                  
      48 0.28178830             1        48        48                  
      49 0.28445131             1        49        49                  
      50 0.29121276             1        50        50                  
      51 0.29279947             1        51        51                  
      52 0.29428870             1        52        52                  
      53 0.29505549             1        53        53                  
      54 0.30029056             1        54        54                  
      55 0.30865997             1        55        55                  
      56 0.31052975             1        56        56                  
      57 0.31183736             1        57        57                  
      58 0.32886621             1        58        58                  
      59 0.32978967             1        59        59                  
      60 0.33129356             1        60        60                  
      61 0.33184583             1        61        61                  
      62 0.33189533             1        62        62                  
      63 0.33211379             1        63        63                  
      64 0.33227136             1        64        64                  
      65 0.33773307             1        65        65                  
      66 0.33864753             1        66        66                  
      67 0.33963066             1        67        67                  
      68 0.34530567             1        68        68                  
      69 0.34734709             1        69        69                  
      70 0.34834937             1        70        70                  
      71 0.35434613             1        71        71                  
      72 0.35899855             1        72        72                  
      73 0.36514348             1        73        73                  
      74 0.36574425             1        74        74                  
      75 0.36730978             1        75        75                  
      76 0.36869247             1        76        76                  
      77 0.37140705             1        77        77                  
      78 0.37509576             1        78        78                  
      79 0.37989216             1        79        79                  
      80 0.38376480             1        80        80                  
